24
25
26
27
60
61
62
63
120
121
122
123
132
133
134
135
140
141
142
143
188
189
190
191
17212
17213
17220
17221
17388
17389
17396
17397
17740
17748
17916
17917
17924
17925
18092
18093
18100
18101
18516
18528
18732
18733
18744
18745
18928
18929
18940
18941
19304
19312
19313
20984
20985
24080
24084
24090
24102
24113
24116
24120
24121
24122
24124
24125
24127
24128
24129
24130
24132
24133
24134
24135
24136
24137
24138
24140
24141
24142
24144
24145
24146
24148
24149
24152
24153
24156
24157
24158
24160
24162
24164
24168
24169
24170
24172
24173
24174
24176
24177
24180
24181
24182
24184
24188
24190
24192
24193
24196
24197
24198
24200
24201
24202
24204
24205
24208
24209
24210
24212
24213
24216
24217
24220
24222
24224
24226
24228
24232
24233
24236
24237
24238
24240
24241
24242
24244
24245
24248
24249
24250
24252
24253
24256
24257
24260
24261
24262
24263
24264
24268
24269
24270
24271
24272
24273
24274
24276
24277
24280
24281
24282
24284
24285
24288
24289
24292
24293
24296
24297
24298
24300
24302
24304
24308
24309
24310
24312
24313
24314
24316
24317
24318
24320
24321
24322
24324
24328
24329
24332
24333
24336
24337
24338
24339
24340
24341
24342
24344
24345
24348
24349
24350
24352
24353
24356
24357
24358
24360
24361
24362
24364
24366
24368
24369
24372
24373
24376
24377
24378
24380
24381
24382
24384
24386
24388
24389
24392
24393
24396
24397
24398
24400
24401
24402
24404
24406
24408
24409
24412
24413
24416
24417
24418
24420
24421
24422
24424
24426
24428
24429
24432
24433
24436
24437
24438
24440
24441
24442
24444
24446
24448
24449
24452
24453
24456
24457
24458
24460
24461
24462
24464
24466
24468
24469
24472
24473
24476
24477
24478
24480
24481
24482
24484
24486
24488
24489
24492
24493
24496
24497
24498
24500
24501
24502
24504
24506
24508
24509
24512
24513
24516
24517
24518
24520
24521
24522
24524
24526
24528
24529
24532
24533
24536
24537
24538
24540
24541
24542
24544
24546
24548
24549
24552
24553
24556
24557
24558
24560
24561
24562
24564
24566
24568
24569
24572
24573
24576
24577
24578
24580
24581
24582
24584
24586
24588
24589
24592
24593
24596
24597
24598
24600
24601
24602
24604
24606
24608
24609
24612
24613
24616
24617
24618
24620
24621
24622
24624
24626
24628
24629
24632
24633
24636
24637
24638
24640
24641
24642
24644
24646
24648
24649
24652
24653
24656
24657
24658
24660
24661
24662
24664
24666
24668
24669
24672
24673
24676
24677
24678
24680
24681
24682
24684
24686
24688
24689
24692
24693
24696
24697
24698
24700
24701
24702
24704
24706
24708
24709
24712
24713
24716
24717
24718
24720
24721
24722
24724
24726
24728
24729
24732
24733
24736
24737
24738
24740
24741
24742
24744
24746
24748
24749
24752
24753
24756
24757
24758
24760
24761
24762
24764
24766
24768
24769
24772
24773
24776
24777
24778
24780
24781
24782
24784
24786
24788
24789
24792
24793
24796
24797
24798
24800
24801
24802
24804
24806
24808
24809
24812
24813
24816
24817
24818
24820
24821
24822
24824
24826
24828
24829
24832
24833
24836
24837
24838
24840
24841
24842
24844
24846
24848
24849
24852
24853
24856
24857
24858
24860
24861
24862
24864
24866
24868
24869
24872
24873
24876
24877
24878
24880
24881
24882
24884
24886
24888
24889
24892
24893
24896
24897
24898
24900
24901
24902
24904
24906
24908
24909
24912
24913
24916
24917
24918
24920
24921
24922
24924
24926
24928
24929
24932
24933
24936
24937
24938
24940
24941
24942
24944
24946
24948
24949
24952
24953
24956
24957
24958
24960
24961
24962
24964
24966
24968
24969
24972
24973
24976
24977
24978
24980
24981
24982
24984
24986
24988
24989
24992
24993
24996
24997
24998
25000
25001
25002
25004
25006
25008
25009
25012
25013
25016
25017
25018
25020
25021
25022
25024
25026
25028
25029
25032
25033
25036
25037
25038
25040
25041
25042
25044
25046
25048
25049
25052
25053
25056
25057
25058
25060
25061
25062
25064
25066
25068
25069
25072
25073
25076
25077
25078
25080
25081
25082
25084
25086
25088
25089
25092
25093
25096
25097
25098
25100
25101
25102
25104
25106
25108
25109
25112
25113
25116
25117
25118
25120
25121
25122
25124
25126
25128
25129
25132
25133
25136
25137
25138
25140
25141
25142
25144
25146
25148
25149
25152
25153
25156
25157
25158
25160
25161
25162
25164
25166
25168
25169
25172
25173
25176
25177
25178
25180
25181
25182
25184
25186
25188
25189
25192
25193
25196
25197
25198
25200
25201
25202
25204
25206
25208
25209
25212
25213
25216
25217
25218
25220
25221
25222
25224
25226
25228
25229
25232
25233
25236
25237
25238
25240
25241
25242
25244
25246
25248
25249
25252
25253
25256
25257
25258
25260
25261
25262
25264
25266
25268
25269
25272
25273
25276
25277
25278
25280
25281
25282
25284
25286
25288
25289
25292
25293
25296
25297
25298
25300
25301
25302
25304
25306
25308
25309
25312
25313
25316
25317
25318
25320
25321
25322
25324
25326
25328
25329
25332
25333
25336
25337
25338
25340
25341
25342
25344
25346
25348
25349
25352
25353
25356
25357
25358
25360
25361
25362
25364
25366
25368
25369
25372
25373
25376
25377
25378
25380
25381
25382
25384
25386
25388
25389
25392
25393
25396
25397
25398
25400
25401
25402
25404
25406
25408
25409
25412
25413
25416
25417
25418
25420
25421
25422
25424
25426
25428
25429
25432
25433
25436
25437
25438
25440
25441
25442
25444
25446
25448
25449
25452
25453
25456
25457
25458
25460
25461
25462
25464
25466
25468
25469
25472
25473
25476
25477
25478
25480
25481
25482
25484
25486
25488
25489
25492
25493
25496
25497
25498
25500
25501
25502
25504
25506
25508
25509
25512
25513
25516
25517
25518
25520
25521
25522
25524
25526
25528
25529
25532
25533
25536
25537
25538
25540
25541
25542
25544
25546
25548
25549
25552
25553
25556
25557
25558
25560
25561
25562
25564
25566
25568
25569
25572
25573
25576
25577
25578
25580
25581
25582
25584
25586
25588
25589
25592
25593
25594
25595
25596
25597
25598
25600
25601
25604
25605
25606
25608
25609
25612
25613
25614
25616
25617
25618
25620
25621
25622
25624
25626
25628
25629
25631
25632
25633
25634
25635
25636
25637
25638
25640
25641
25644
25645
25646
25648
25649
25652
25653
25654
25656
25657
25658
25660
25661
25664
25665
25666
25668
25669
25670
25671
25672
25673
25674
25675
25676
25677
25678
25680
25681
25684
25685
25686
25687
25688
25689
25692
25693
25694
25696
25697
25698
25700
25701
25702
25703
25704
25705
25706
25708
25709
25710
25712
25713
25715
25716
25717
25718
25719
25720
25721
25722
25724
25725
25726
25727
25728
25729
25730
25731
25732
25733
25734
25736
25737
25738
25740
25741
25742
25743
25744
25745
25746
25748
25749
25750
25752
25753
25754
25755
25756
25757
25758
25759
25760
25761
25762
25764
25766
25767
25768
25769
25770
25771
25772
25773
25774
25776
25777
25778
25780
25781
25782
25784
25785
25786
25788
25789
25790
25792
25793
25794
25796
25797
25798
25799
25800
25801
25802
25804
25805
25806
25808
25809
25810
25811
25812
25814
25816
25817
25820
25821
25823
25824
25825
25826
25827
25828
25829
25830
25832
25833
25834
25836
25837
25838
25839
25840
25841
25842
25844
25845
25846
25848
25849
25850
25851
25852
25853
25854
25855
25856
25857
25858
25860
25861
25864
25865
25866
25868
25869
25870
25872
25873
25874
25875
25876
25877
25878
25879
25880
25881
25882
25884
25885
25886
25888
25889
25890
25892
25893
25894
25895
25896
25897
25898
25900
25901
25902
25904
25905
25906
25907
25908
25909
25910
25912
25913
25914
25916
25917
25918
25919
25920
25921
25922
25924
25925
25926
25928
25929
25931
25932
25933
25934
25935
25936
25937
25940
25941
25942
25944
25946
25947
25948
25949
25950
25952
25953
25954
25956
25957
25958
25959
25960
25961
25962
25963
25964
25965
25966
25968
25970
25972
25974
25976
25981
25982
25984
25985
25986
25988
25989
25992
25993
25994
25996
25997
25998
26000
26001
26002
26003
26004
26005
26006
26008
26009
26010
26012
26013
26014
26015
26016
26017
26018
26020
26021
26022
26024
26025
26026
26028
26029
26030
26032
26033
26034
26036
26037
26040
26041
26042
26044
26045
26046
26047
26048
26049
26050
26051
26052
26053
26054
26055
26056
26057
26058
26060
26061
26062
26064
26065
26066
26068
26069
26072
26073
26074
26076
26077
26078
26080
26081
26082
26084
26085
26086
26087
26088
26089
26090
26092
26093
26094
26095
26096
26097
26098
26100
26101
26102
26103
26104
26105
26106
26108
26109
26110
26112
26113
26114
26115
26116
26117
26118
26120
26121
26122
26123
26124
26125
26126
26128
26129
26130
26132
26133
26134
26136
26137
26138
26140
26141
26142
26144
26145
26146
26147
26148
26149
26150
26152
26153
26156
26157
26158
26160
26161
26162
26164
26165
26166
26168
26169
26170
26172
26173
26174
26176
26177
26178
26180
26181
26182
26183
26184
26185
26188
26189
26190
26191
26192
26193
26194
26196
26197
26198
26200
26201
26202
26204
26205
26208
26209
26210
26212
26213
26214
26216
26217
26218
26220
26222
26224
26225
26228
26229
26230
26232
26233
26234
26236
26237
26238
26240
26242
26244
26245
26248
26249
26250
26252
26253
26254
26256
26257
26258
26260
26262
26264
26265
26268
26269
26270
26272
26273
26274
26276
26277
26278
26280
26282
26284
26285
26288
26289
26290
26292
26293
26294
26296
26297
26298
26300
26301
26302
26304
26305
26308
26309
26310
26312
26313
26314
26316
26317
26318
26320
26321
26322
26324
26325
26328
26329
26330
26332
26333
26334
26336
26337
26338
26340
26341
26342
26344
26345
26346
26348
26349
26350
26352
26353
26354
26355
26356
26357
26358
26359
26360
26361
26362
26364
26365
26368
26369
26370
26372
26373
26374
26376
26377
26378
26380
26381
26382
26384
26385
26386
26388
26389
26390
26392
26393
26394
26396
26398
26400
26401
26402
26404
26405
26406
26408
26409
26410
26412
26413
26414
26416
26417
26418
26420
26421
26422
26423
26424
26425
26426
26427
26428
26429
26430
26432
26433
26436
26437
26438
26440
26441
26442
26444
26445
26448
26449
26450
26452
26453
26456
26457
26458
26460
26461
26462
26464
26465
26466
26468
26469
26470
26472
26473
26474
26476
26477
26478
26480
26481
26482
26484
26485
26488
26489
26490
26491
26492
26493
26494
26495
26496
26498
26500
26504
26505
26506
26507
26508
26509
26510
26512
26513
26516
26517
26518
26520
26521
26524
26525
26528
26529
26532
26533
26534
26536
26538
26540
26544
26545
26548
26549
26552
26553
26554
26556
26558
26560
26564
26565
26568
26569
26572
26573
26574
26576
26578
26580
26584
26585
26588
26589
26592
26593
26594
26596
26598
26600
26604
26605
26608
26609
26612
26613
26614
26616
26618
26620
26624
26625
26628
26629
26632
26633
26634
26636
26638
26640
26644
26645
26648
26649
26652
26653
26654
26656
26658
26660
26664
26665
26668
26669
26672
26673
26674
26676
26678
26680
26684
26685
26688
26689
26692
26693
26694
26696
26698
26700
26704
26705
26708
26709
26712
26713
26714
26716
26718
26720
26724
26725
26728
26729
26732
26733
26734
26736
26738
26740
26744
26745
26748
26749
26752
26753
26754
26756
26758
26760
26764
26765
26768
26769
26772
26773
26774
26776
26778
26780
26784
26785
26788
26789
26792
26793
26794
26796
26798
26800
26804
26805
26808
26809
26812
26813
26814
26816
26818
26820
26824
26825
26828
26829
26832
26833
26834
26836
26838
26840
26844
26845
26848
26849
26852
26853
26854
26856
26858
26860
26864
26865
26868
26869
26872
26873
26874
26876
26878
26880
26884
26885
26888
26889
26892
26893
26894
26896
26898
26900
26904
26905
26908
26909
26912
26913
26914
26916
26918
26920
26924
26925
26928
26929
26932
26933
26934
26936
26938
26940
26944
26945
26948
26949
26952
26953
26954
26956
26958
26960
26964
26965
26968
26969
26972
26973
26974
26976
26978
26980
26984
26985
26988
26989
26992
26993
26994
26996
26998
27000
27004
27005
27008
27009
27012
27013
27014
27016
27018
27020
27024
27025
27028
27029
27032
27033
27034
27036
27038
27040
27044
27045
27048
27049
27052
27053
27054
27056
27058
27060
27064
27065
27068
27069
27072
27073
27074
27076
27078
27080
27084
27085
27088
27089
27092
27093
27094
27096
27098
27100
27104
27105
27108
27109
27112
27113
27114
27116
27118
27120
27124
27125
27128
27129
27132
27133
27134
27136
27138
27140
27144
27145
27148
27149
27152
27153
27154
27156
27158
27160
27164
27165
27168
27169
27172
27173
27174
27176
27178
27180
27184
27185
27188
27189
27192
27193
27194
27196
27198
27200
27204
27205
27208
27209
27212
27213
27214
27216
27218
27220
27224
27225
27228
27229
27232
27233
27234
27236
27238
27240
27244
27245
27248
27249
27252
27253
27254
27256
27258
27260
27264
27265
27268
27269
27272
27273
27274
27276
27278
27280
27284
27285
27288
27289
27292
27293
27294
27296
27298
27300
27304
27305
27308
27309
27312
27313
27314
27316
27318
27320
27324
27325
27328
27329
27332
27333
27334
27336
27338
27340
27344
27345
27348
27349
27352
27353
27354
27356
27358
27360
27364
27365
27368
27369
27372
27373
27374
27376
27378
27380
27384
27385
27388
27389
27392
27393
27394
27396
27398
27400
27404
27405
27408
27409
27412
27413
27414
27416
27418
27420
27424
27425
27428
27429
27432
27433
27434
27436
27438
27440
27444
27445
27448
27449
27452
27453
27454
27456
27458
27460
27464
27465
27468
27469
27472
27473
27474
27476
27478
27480
27484
27485
27488
27489
27492
27493
27494
27496
27498
27500
27504
27505
27508
27509
27512
27513
27514
27516
27518
27520
27524
27525
27528
27529
27532
27533
27534
27536
27538
27540
27544
27545
27548
27549
27552
27553
27554
27556
27558
27560
27564
27565
27568
27569
27572
27573
27574
27576
27578
27580
27584
27585
27588
27589
27592
27593
27594
27596
27598
27600
27604
27605
27608
27609
27612
27613
27614
27616
27618
27620
27624
27625
27628
27629
27632
27633
27634
27636
27638
27640
27644
27645
27648
27649
27652
27653
27654
27656
27658
27660
27664
27665
27668
27669
27672
27673
27674
27676
27678
27680
27684
27685
27688
27689
27692
27693
27694
27696
27698
27700
27704
27705
27708
27709
27712
27713
27714
27716
27718
27720
27724
27725
27728
27729
27732
27733
27734
27736
27738
27740
27744
27745
27748
27749
27752
27753
27754
27756
27758
27760
27764
27765
27768
27769
27772
27773
27774
27776
27778
27780
27784
27785
27788
27789
27792
27793
27794
27796
27798
27800
27804
27805
27808
27809
27812
27813
27814
27816
27818
27820
27824
27825
27828
27829
27832
27833
27834
27836
27838
27840
27844
27845
27848
27849
27852
27853
27854
27856
27858
27860
27864
27865
27868
27869
27872
27873
27874
27876
27878
27880
27884
27885
27888
27889
27892
27893
27894
27896
27898
27900
27904
27905
27908
27909
27912
27913
27914
27916
27918
27920
27924
27925
27928
27929
27932
27933
27934
27936
27938
27940
27944
27945
27948
27949
27952
27953
27954
27956
27958
27960
27964
27965
27968
27969
27972
27973
27974
27976
27978
27980
27984
27985
27988
27989
27992
27993
27994
27996
27998
28000
28004
28005
28008
28009
28012
28013
28014
28016
28018
28020
28024
28025
28028
28029
28033
28034
28036
28038
28040
28044
28045
28048
28049
28052
28053
28054
28056
28058
28060
28064
28065
28068
28069
28072
28073
28074
28076
28078
28080
28084
28085
28088
28089
28092
28093
28094
28096
28098
28100
28104
28105
28108
28109
28112
28113
28114
28116
28118
28120
28124
28125
28128
28129
28132
28133
28134
28136
28138
28140
28144
28145
28148
28149
28152
28153
28154
28156
28158
28160
28164
28165
28168
28169
28172
28173
28174
28176
28178
28180
28184
28185
28188
28189
28192
28193
28194
28196
28198
28200
28204
28205
28208
28209
28212
28213
28214
28216
28218
28220
28224
28225
28228
28229
28232
28233
28234
28236
28238
28240
28244
28245
28248
28249
28252
28253
28254
28256
28258
28260
28264
28265
28268
28269
28272
28273
28274
28276
28278
28280
28284
28285
28288
28289
28292
28293
28294
28296
28298
28300
28304
28305
28308
28309
28312
28313
28314
28316
28318
28320
28324
28325
28328
28329
28332
28333
28334
28336
28338
28340
28344
28345
28348
28349
28352
28353
28354
28356
28358
28360
28364
28365
28368
28369
28372
28373
28374
28376
28378
28380
28384
28385
28388
28389
28392
28393
28394
28396
28398
28400
28404
28405
28408
28409
28412
28413
28414
28416
28418
28420
28424
28425
28428
28429
28432
28433
28434
28436
28438
28440
28444
28445
28448
28449
28452
28453
28454
28456
28458
28460
28464
28465
28468
28469
28472
28473
28474
28476
28478
28480
28484
28485
28489
28492
28493
28494
28496
28498
28500
28504
28505
28508
28509
28512
28513
28514
28516
28518
28520
28524
28525
28528
28529
28532
28533
28534
28536
28538
28540
28544
28545
28548
28549
28552
28553
28554
28556
28558
28560
28564
28565
28568
28569
28572
28573
28574
28576
28578
28580
28584
28585
28588
28589
28592
28593
28594
28596
28598
28600
28604
28605
28608
28609
28612
28613
28614
28616
28618
28620
28624
28625
28628
28629
28632
28633
28634
28636
28638
28640
28644
28645
28648
28649
28652
28653
28654
28656
28658
28660
28664
28665
28668
28669
28672
28673
28674
28676
28678
28680
28684
28685
28688
28689
28692
28693
28694
28696
28698
28700
28704
28705
28708
28709
28712
28713
28714
28716
28718
28720
28724
28725
28728
28729
28732
28733
28734
28736
28738
28740
28744
28745
28748
28749
28752
28753
28754
28756
28758
28760
28764
28765
28768
28769
28772
28773
28774
28776
28778
28780
28784
28785
28788
28789
28792
28793
28794
28796
28798
28800
28804
28805
28808
28809
28812
28813
28814
28816
28818
28820
28824
28825
28828
28829
28832
28833
28834
28836
28838
28840
28844
28845
28848
28849
28852
28853
28854
28856
28858
28860
28865
28868
28869
28872
28873
28874
28876
28878
28880
28884
28885
28888
28889
28892
28893
28894
28896
28898
28900
28904
28905
28908
28909
28912
28913
28914
28916
28918
28920
28924
28925
28928
28929
28932
28933
28934
28936
28938
28940
28944
28945
28948
28949
28952
28953
28954
28956
28958
28960
28964
28965
28968
28969
28972
28973
28974
28976
28978
28980
28984
28985
28988
28989
28992
28993
28994
28996
28998
29000
29004
29005
29008
29009
29012
29013
29014
29016
29018
29020
29024
29025
29028
29029
29032
29033
29034
29036
29038
29040
29044
29045
29048
29049
29052
29053
29054
29056
29058
29060
29064
29065
29068
29069
29072
29073
29074
29076
29078
29080
29084
29085
29088
29089
29092
29093
29094
29096
29098
29100
29104
29105
29108
29109
29112
29113
29114
29116
29118
29120
29124
29125
29128
29129
29132
29133
29134
29136
29138
29140
29144
29145
29148
29149
29152
29153
29154
29156
29158
29160
29164
29165
29168
29169
29172
29173
29174
29176
29178
29180
29184
29185
29188
29189
29192
29193
29194
29196
29198
29200
29204
29205
29208
29209
29212
29213
29214
29216
29218
29220
29224
29225
29228
29229
29232
29233
29234
29236
29238
29240
29244
29245
29248
29249
29252
29253
29254
29256
29258
29260
29264
29265
29268
29269
29272
29273
29274
29276
29278
29280
29284
29285
29288
29289
29292
29293
29294
29296
29298
29300
29304
29305
29308
29309
29312
29313
29314
29316
29318
29320
29324
29325
29328
29329
29332
29333
29334
29336
29338
29340
29344
29345
29348
29349
29352
29353
29354
29356
29358
29360
29364
29365
29368
29369
29372
29373
29374
29376
29378
29380
29384
29385
29388
29389
29392
29393
29394
29396
29398
29400
29404
29405
29408
29409
29412
29413
29414
29416
29418
29420
29424
29425
29428
29429
29432
29433
29434
29436
29438
29440
29444
29445
29448
29449
29452
29453
29454
29456
29458
29460
29464
29465
29468
29469
29472
29473
29474
29476
29478
29480
29484
29485
29488
29489
29492
29493
29494
29496
29498
29500
29504
29505
29508
29509
29512
29513
29514
29516
29518
29520
29524
29525
29528
29529
29532
29533
29534
29536
29538
29540
29544
29545
29548
29549
29552
29553
29554
29556
29558
29560
29564
29565
29568
29569
29572
29573
29574
29576
29578
29580
29584
29585
29588
29589
29592
29593
29594
29596
29598
29600
29604
29605
29608
29609
29612
29613
29614
29616
29618
29620
29624
29625
29628
29629
29632
29633
29634
29636
29638
29640
29644
29645
29648
29649
29652
29653
29654
29656
29658
29660
29664
29665
29668
29669
29672
29673
29674
29676
29678
29680
29684
29685
29688
29689
29692
29693
29694
29696
29698
29700
29704
29705
29708
29709
29712
29713
29714
29716
29718
29720
29724
29725
29728
29729
29732
29733
29734
29736
29738
29740
29744
29745
29748
29749
29752
29753
29754
29756
29758
29760
29764
29765
29768
29769
29772
29773
29774
29776
29778
29780
29784
29785
29788
29789
29792
29793
29794
29796
29798
29800
29804
29805
29808
29809
29812
29813
29814
29816
29818
29820
29824
29825
29828
29829
29832
29833
29834
29836
29838
29840
29844
29845
29848
29849
29852
29853
29854
29856
29858
29860
29864
29865
29868
29869
29872
29873
29874
29876
29878
29880
29884
29885
29888
29889
29892
29893
29894
29896
29898
29900
29904
29905
29908
29909
29912
29913
29914
29916
29918
29920
29924
29925
29928
29929
29932
29933
29934
29936
29938
29940
29944
29945
29948
29949
29952
29953
29954
29956
29958
29960
29964
29965
29968
29969
29972
29973
29974
29976
29978
29980
29984
29985
29988
29989
29992
29993
29994
29996
29998
30000
30004
30005
30008
30009
30012
30013
30014
30016
30018
30020
30024
30025
30028
30029
30032
30033
30034
30036
30038
30040
30044
30045
30048
30049
30052
30053
30054
30056
30058
30060
30064
30065
30068
30069
30072
30073
30074
30076
30078
30080
30084
30085
30088
30089
30092
30093
30094
30096
30098
30100
30104
30105
30108
30109
30112
30113
30114
30116
30118
30120
30124
30125
30128
30129
30132
30133
30134
30136
30138
30140
30144
30145
30148
30149
30152
30153
30154
30156
30158
30160
30164
30165
30168
30169
30172
30173
30174
30176
30178
30180
30184
30185
30188
30189
30192
30193
30194
30196
30198
30200
30204
30205
30208
30209
30212
30213
30214
30216
30218
30220
30224
30225
30228
30229
30232
30233
30234
30236
30238
30240
30244
30245
30248
30249
30252
30253
30254
30256
30258
30260
30264
30265
30268
30269
30272
30273
30274
30276
30278
30280
30284
30285
30288
30289
30292
30293
30294
30296
30298
30300
30304
30305
30308
30309
30312
30313
30314
30316
30318
30320
30324
30325
30328
30329
30332
30333
30334
30336
30338
30340
30344
30345
30348
30349
30352
30353
30354
30356
30358
30360
30364
30365
30368
30369
30372
30373
30374
30376
30378
30380
30384
30385
30388
30389
30392
30393
30394
30396
30398
30400
30404
30405
30408
30409
30412
30413
30414
30416
30418
30420
30424
30425
30428
30429
30432
30433
30434
30436
30438
30440
30444
30445
30448
30449
30452
30453
30454
30456
30458
30460
30464
30465
30468
30469
30472
30473
30474
30476
30478
30480
30484
30485
30488
30489
30492
30493
30494
30496
30498
30500
30504
30505
30508
30509
30512
30513
30514
30516
30518
30520
30524
30525
30528
30529
30532
30533
30534
30536
30538
30540
30544
30545
30548
30549
30552
30553
30554
30556
30558
30560
30564
30565
30568
30569
30572
30573
30574
30576
30578
30580
30584
30585
30588
30589
30592
30593
30594
30596
30598
30600
30604
30605
30608
30609
30612
30613
30614
30616
30618
30620
30624
30625
30628
30629
30632
30633
30634
30636
30638
30640
30644
30645
30648
30649
30652
30653
30654
30656
30658
30660
30664
30665
30668
30669
30672
30673
30674
30676
30678
30680
30684
30685
30688
30689
30692
30693
30694
30696
30698
30700
30704
30705
30708
30709
30712
30713
30714
30716
30718
30720
30724
30725
30728
30729
30732
30733
30734
30736
30738
30740
30744
30745
30748
30749
30752
30753
30754
30756
30758
30760
30764
30765
30768
30769
30772
30773
30774
30776
30778
30780
30784
30785
30788
30789
30792
30793
30794
30796
30798
30800
30804
30805
30808
30809
30812
30813
30814
30816
30818
30820
30824
30825
30828
30829
30832
30833
30834
30836
30838
30840
30844
30845
30848
30849
30852
30853
30854
30856
30858
30860
30864
30865
30868
30869
30872
30873
30874
30876
30878
30880
30884
30885
30888
30889
30892
30893
30894
30896
30898
30900
30905
30908
30909
30912
30913
30914
30916
30918
30920
30924
30925
30928
30929
30932
30933
30934
30936
30938
30940
30944
30945
30948
30949
30952
30953
30954
30956
30958
30960
30964
30965
30968
30969
30972
30973
30974
30976
30978
30980
30984
30985
30988
30989
30992
30993
30994
30996
30998
31000
31004
31005
31008
31009
31012
31013
31014
31016
31018
31020
31024
31025
31028
31029
31032
31033
31034
31036
31038
31040
31044
31045
31048
31049
31052
31053
31054
31056
31058
31060
31064
31065
31068
31069
31072
31073
31074
31076
31078
31080
31084
31085
31088
31089
31092
31093
31094
31096
31098
31100
31104
31105
31108
31109
31112
31113
31114
31116
31118
31120
31124
31125
31128
31129
31132
31133
31134
31136
31138
31140
31144
31145
31148
31149
31152
31153
31154
31156
31158
31160
31164
31165
31168
31169
31172
31173
31174
31176
31178
31180
31184
31185
31188
31189
31192
31193
31194
31196
31198
31200
31204
31205
31208
31209
31212
31213
31214
31216
31218
31220
31224
31225
31228
31229
31232
31233
31234
31236
31238
31240
31244
31245
31248
31249
31252
31253
31254
31256
31258
31260
31264
31265
31268
31269
31272
31273
31274
31276
31278
31280
31284
31285
31288
31289
31292
31293
31294
31296
31298
31300
31304
31305
31308
31309
31312
31313
31314
31316
31318
31320
31324
31325
31328
31329
31332
31333
31334
31336
31338
31340
31344
31345
31348
31349
31352
31353
31354
31356
31358
31360
31364
31365
31368
31369
31372
31373
31374
31376
31378
31380
31384
31385
31388
31389
31392
31393
31394
31396
31398
31400
31404
31405
31408
31409
31412
31413
31414
31416
31418
31420
31424
31425
31428
31429
31432
31433
31434
31436
31438
31440
31444
31445
31448
31449
31452
31453
31454
31456
31458
31460
31464
31465
31468
31469
31472
31473
31474
31476
31478
31480
31484
31485
31488
31489
31492
31493
31494
31496
31498
31500
31504
31505
31508
31509
31512
31513
31514
31516
31518
31520
31524
31525
31528
31529
31532
31533
31534
31536
31538
31540
31544
31545
31548
31549
31552
31553
31554
31556
31558
31560
31564
31565
31568
31569
31572
31573
31574
31576
31578
31580
31584
31585
31588
31589
31592
31593
31594
31596
31598
31600
31604
31605
31608
31609
31612
31613
31614
31616
31618
31620
31624
31625
31628
31629
31632
31633
31634
31636
31638
31640
31644
31645
31648
31649
31652
31653
31654
31656
31658
31660
31664
31665
31668
31669
31672
31673
31674
31676
31678
31680
31684
31685
31688
31689
31692
31693
31694
31696
31698
31700
31704
31705
31708
31709
31712
31713
31714
31716
31718
31720
31724
31725
31728
31729
31732
31733
31734
31736
31738
31740
31744
31745
31748
31749
31752
31753
31754
31756
31758
31760
31764
31765
31768
31769
31772
31773
31774
31776
31778
31780
31784
31785
31788
31789
31792
31793
31794
31796
31798
31800
31804
31805
31808
31809
31812
31813
31814
31816
31818
31820
31824
31825
31828
31829
31832
31833
31834
31836
31838
31840
31844
31845
31848
31849
31852
31853
31854
31856
31858
31860
31864
31865
31868
31869
31872
31873
31874
31876
31878
31880
31884
31885
31888
31889
31892
31893
31894
31896
31898
31900
31904
31905
31908
31909
31912
31913
31914
31916
31918
31920
31924
31925
31928
31929
31932
31933
31934
31936
31938
31940
31944
31945
31948
31949
31952
31953
31954
31956
31958
31960
31964
31965
31968
31969
31972
31973
31974
31976
31978
31980
31984
31985
31988
31989
31992
31993
31994
31996
31998
32000
32004
32005
32008
32009
32012
32013
32014
32016
32018
32020
32024
32025
32028
32029
32032
32033
32034
32036
32038
32040
32044
32045
32048
32049
32052
32053
32054
32056
32058
32060
32064
32065
32068
32069
32072
32073
32074
32076
32078
32080
32084
32085
32088
32089
32092
32093
32094
32096
32098
32100
32104
32105
32108
32109
32112
32113
32114
32116
32118
32120
32124
32125
32128
32129
32132
32133
32134
32136
32138
32140
32144
32145
32148
32149
32152
32153
32154
32156
32158
32160
32164
32165
32168
32169
32172
32173
32174
32176
32178
32180
32184
32185
32188
32189
32192
32193
32194
32196
32198
32200
32204
32205
32208
32209
32212
32213
32214
32216
32218
32220
32224
32225
32228
32229
32232
32233
32234
32236
32238
32240
32244
32245
32248
32249
32252
32253
32254
32256
32258
32260
32264
32265
32268
32269
32272
32273
32274
32276
32278
32280
32284
32285
32288
32289
32292
32293
32294
32296
32298
32300
32304
32305
32308
32309
32312
32313
32314
32316
32318
32320
32324
32325
32328
32329
32332
32333
32334
32336
32338
32340
32344
32345
32348
32349
32352
32353
32354
32356
32358
32360
32364
32365
32368
32369
32372
32373
32374
32376
32378
32380
32384
32385
32388
32389
32392
32393
32394
32396
32398
32400
32404
32405
32408
32409
32412
32413
32414
32416
32418
32420
32424
32425
32428
32429
32432
32433
32434
32436
32438
32440
32444
32445
32448
32449
32452
32453
32454
32456
32458
32460
32464
32465
32468
32469
32472
32473
32474
32476
32478
32480
32484
32485
32488
32489
32492
32493
32494
32496
32498
32500
32504
32505
32508
32509
32512
32513
32514
32516
32518
32520
32524
32525
32528
32529
32532
32533
32534
32536
32538
32540
32544
32545
32548
32549
32552
32553
32554
32556
32558
32560
32564
32565
32568
32569
32572
32573
32574
32576
32578
32580
32584
32585
32588
32589
32592
32593
32594
32596
32598
32600
32604
32605
32608
32609
32612
32613
32614
32616
32618
32620
32624
32625
32628
32629
32632
32633
32634
32636
32638
32640
32644
32645
32648
32649
32652
32653
32654
32656
32658
32660
32664
32665
32668
32669
32672
32673
32674
32676
32678
32680
32684
32685
32688
32689
32692
32693
32694
32696
32698
32700
32704
32705
32708
32709
32712
32713
32714
32716
32718
32720
32724
32725
32728
32729
32732
32733
32734
32736
32738
32740
32744
32745
32748
32749
32752
32753
32754
32756
32758
32760
32764
32765
32768
32769
32772
32773
32774
32776
32778
32780
32784
32785
32788
32789
32792
32793
32794
32796
32798
32800
32804
32805
32808
32809
32812
32813
32814
32816
32818
32820
32824
32825
32828
32829
32832
32833
32834
32836
32838
32840
32844
32845
32848
32849
32852
32853
32854
32856
32858
32860
32864
32865
32868
32869
32872
32873
32874
32876
32878
32880
32884
32885
32888
32889
32892
32893
32894
32896
32898
32900
32904
32905
32908
32909
32912
32913
32914
32916
32918
32920
32924
32925
32928
32929
32932
32933
32934
32936
32938
32940
32944
32945
32948
32949
32952
32953
32954
32956
32958
32960
32964
32965
32968
32969
32972
32973
32974
32976
32978
32980
32984
32985
32988
32989
32992
32993
32994
32996
32998
33000
33004
33005
33008
33009
33012
33013
33014
33016
33018
33020
33024
33025
33028
33029
33032
33033
33034
33036
33038
33040
33044
33045
33048
33049
33052
33053
33054
33056
33058
33060
33064
33065
33068
33069
33072
33073
33074
33076
33078
33080
33084
33085
33088
33089
33092
33093
33094
33096
33098
33100
33104
33105
33108
33109
33112
33113
33114
33116
33118
33120
33124
33125
33128
33129
33132
33133
33134
33136
33138
33140
33144
33145
33148
33149
33152
33153
33154
33156
33158
33160
33164
33165
33168
33169
33172
33173
33174
33176
33178
33180
33184
33185
33188
33189
33192
33193
33194
33196
33198
33200
33204
33205
33208
33209
33212
33213
33214
33216
33218
33220
33224
33225
33228
33229
33232
33233
33234
33236
33238
33240
33244
33245
33248
33249
33252
33253
33254
33256
33258
33260
33264
33265
33268
33269
33272
33273
33274
33276
33278
33280
33284
33285
33288
33289
33292
33293
33294
33296
33298
33300
33304
33305
33308
33309
33312
33313
33314
33316
33318
33320
33324
33325
33328
33329
33332
33333
33334
33336
33338
33340
33344
33345
33348
33349
33352
33353
33354
33356
33358
33360
33364
33365
33368
33369
33372
33373
33374
33376
33378
33380
33384
33385
33388
33389
33392
33393
33394
33396
33398
33400
33404
33405
33408
33409
33412
33413
33414
33416
33418
33420
33424
33425
33428
33429
33432
33433
33434
33436
33438
33440
33444
33445
33448
33449
33452
33453
33454
33456
33458
33460
33464
33465
33468
33469
33472
33473
33474
33476
33478
33480
33484
33485
33488
33489
33492
33493
33494
33496
33498
33500
33504
33505
33508
33509
33512
33513
33514
33516
33518
33520
33524
33525
33528
33529
33532
33533
33534
33536
33538
33540
33544
33545
33548
33549
33552
33553
33554
33556
33558
33560
33564
33565
33568
33569
33572
33573
33574
33576
33578
33580
33584
33585
33588
33589
33592
33593
33594
33596
33598
33600
33604
33605
33608
33609
33612
33613
33614
33616
33618
33620
33624
33625
33628
33629
33632
33633
33634
33636
33638
33640
33644
33645
33648
33649
33652
33653
33654
33656
33658
33660
33664
33665
33668
33669
33672
33673
33674
33676
33678
33680
33684
33685
33688
33689
33692
33693
33694
33696
33698
33700
33704
33705
33708
33709
33712
33713
33714
33716
33718
33720
33724
33725
33728
33729
33732
33733
33734
33736
33738
33740
33744
33745
33748
33749
33752
33753
33754
33756
33758
33760
33764
33765
33768
33769
33772
33773
33774
33776
33778
33780
33784
33785
33788
33789
33792
33793
33794
33796
33798
33800
33804
33805
33808
33809
33812
33813
33814
33816
33818
33820
33824
33825
33828
33829
33832
33833
33834
33836
33838
33840
33844
33845
33848
33849
33852
33853
33854
33856
33858
33860
33864
33865
33868
33869
33872
33873
33874
33876
33878
33880
33884
33885
33888
33889
33892
33893
33894
33896
33898
33900
33904
33905
33908
33909
33912
33913
33914
33916
33918
33920
33924
33925
33928
33929
33932
33933
33934
33936
33938
33940
33944
33945
33948
33949
33952
33953
33954
33956
33958
33960
33964
33965
33968
33969
33972
33973
33974
33976
33978
33980
33984
33985
33988
33989
33992
33993
33994
33996
33998
34000
34004
34005
34008
34009
34012
34013
34014
34016
34018
34020
34024
34025
34028
34029
34032
34033
34034
34036
34038
34040
34044
34045
34048
34049
34052
34053
34054
34056
34058
34060
34064
34065
34068
34069
34072
34073
34074
34076
34078
34080
34084
34085
34088
34089
34092
34093
34094
34096
34098
34100
34104
34105
34108
34109
34112
34113
34114
34116
34118
34120
34124
34125
34128
34129
34132
34133
34134
34136
34138
34140
34144
34145
34148
34149
34152
34153
34154
34156
34158
34160
34164
34165
34168
34169
34172
34173
34174
34176
34178
34180
34184
34185
34188
34189
34192
34193
34194
34196
34198
34200
34204
34205
34208
34209
34212
34213
34214
34216
34218
34220
34224
34225
34228
34229
34230
34231
34232
34233
34234
34236
34237
34240
34241
34242
34244
34245
34248
34249
34250
34252
34254
34256
34257
34260
34261
34262
34263
34264
34265
34268
34269
34272
34273
34274
34275
34276
34280
34281
34282
34283
34284
34285
34286
34288
34289
34292
34294
34296
34304
34305
34308
34309
34312
34313
34314
34316
34324
34325
34328
34329
34332
34333
34334
34335
34336
34337
34338
34339
34341
34342
34344
34345
34348
34349
34352
34354
34356
34364
34365
34368
34369
34372
34373
34374
34376
34383
34384
34385
34388
34389
34392
34393
34394
34396
34400
34401
34404
34405
34408
34409
34412
34413
34414
34416
34424
34425
34428
34429
34430
34431
34432
34434
34436
34437
34440
34441
34442
34443
34444
34445
34448
34449
34450
34451
34452
34453
34454
34456
34464
34465
34468
34469
34472
34474
34476
34480
34481
34484
34485
34488
34489
34492
34494
34496
34500
34501
34502
34503
34504
34505
34506
34507
34508
34509
34510
34512
34513
34514
34516
34524
34525
34528
34529
34532
34534
34536
34540
34541
34544
34545
34548
34549
34551
34552
34554
34556
34557
34560
34561
34564
34565
34568
34569
34572
34574
34576
34580
34581
34584
34585
34588
34589
34592
34593
34594
34596
34597
34598
34599
34604
34605
34608
34609
34610
34611
34612
34614
34616
34617
34618
34619
34621
34622
34624
34625
34628
34629
34632
34634
34636
34644
34645
34648
34649
34652
34654
34656
34660
34664
34665
34668
34669
34670
34671
34672
34673
34674
34675
34676
34677
34678
34680
34681
34684
34685
34686
34687
34688
34689
34690
34692
34693
34696
34697
34698
34700
34701
34706
34708
34709
34712
34713
34716
34717
34718
34719
34720
34724
34729
34730
34731
34732
34738
34739
34741
34742
34748
34749
34752
34760
34761
34764
34765
34766
34767
34768
34769
34772
34773
34776
34777
34778
34779
34784
34785
34786
34787
34788
34789
34790
34791
34792
34793
34794
34795
34797
34798
34800
34801
34816
34817
34828
34829
34832
34836
34837
34838
34839
34840
34841
34842
34843
34844
34845
34846
34856
34857
34868
34869
34872
34876
34877
34880
34881
34884
34885
34886
34887
34888
34892
34897
34898
34899
34900
34906
34907
34909
34910
34916
34917
34920
34928
34929
34932
34933
34934
34935
34936
34937
34940
34941
34944
34945
34946
34947
34952
34953
34954
34955
34956
34957
34958
34959
34960
34961
34962
34963
34965
34966
34968
34969
34984
34985
34996
34997
35000
35004
35005
35006
35007
35008
35009
35010
35011
35012
35013
35014
35024
35025
35036
35037
35040
35044
35045
35048
35049
35052
35053
35054
35055
35056
35060
35065
35066
35067
35068
35074
35075
35077
35078
35084
35085
35088
35096
35097
35100
35101
35102
35103
35104
35105
35106
35112
35113
35116
35117
35118
35119
35120
35122
35124
35125
35126
35127
35129
35130
35131
35132
35134
35135
35136
35137
35138
35140
35141
35142
35144
35145
35148
35149
35150
35152
35156
35157
35160
35164
35165
35166
35168
35175
35176
35177
35178
35180
35181
35182
35184
35185
35188
35189
35190
35192
35193
35196
35204
35205
35206
35208
35209
35210
35212
35213
35216
35217
35218
35220
35221
35222
35223
35224
35225
35228
35229
35232
35233
35234
35235
35236
35240
35241
35242
35243
35244
35245
35246
35248
35249
35250
35252
35253
35256
35257
35258
35260
35265
35266
35269
35271
35272
35273
35276
35277
35278
35279
35280
35281
35282
35284
35285
35288
35289
35290
35292
35293
35294
35295
35296
35297
35298
35299
35300
35301
35302
35304
35305
35306
35308
35316
35320
35321
35324
35326
35328
35332
35333
35336
35340
35341
35343
35344
35346
35348
35349
35352
35353
35356
35360
35361
35364
35366
35368
35372
35373
35376
35380
35381
35384
35385
35386
35388
35389
35390
35391
35396
35397
35400
35401
35402
35403
35404
35406
35408
35409
35410
35411
35413
35414
35416
35420
35421
35424
35426
35428
35436
35440
35441
35444
35446
35448
35452
35456
35457
35460
35461
35462
35463
35464
35465
35466
35467
35468
35469
35470
35472
35473
35476
35477
35480
35481
35484
35486
35488
35496
35497
35500
35501
35504
35506
35508
35511
35512
35516
35517
35520
35521
35524
35526
35528
35529
35536
35537
35540
35541
35544
35546
35548
35552
35553
35556
35557
35558
35559
35560
35561
35562
35564
35565
35568
35569
35570
35572
35573
35574
35575
35577
35578
35579
35580
35581
35582
35583
35584
35585
35589
35590
35591
42126
42128
42130
42132
42134
42135
42136
42137
42138
42140
42142
42144
42146
42148
42150
42152
42154
42156
42158
42160
42161
42162
42163
42164
42166
42168
42170
42172
42174
42176
42178
42180
42182
42184
42186
42187
42188
42189
42190
42192
42194
42196
42198
42200
42202
42204
42206
42208
42210
42212
42213
42214
42215
42216
42218
42220
42222
42224
42226
42228
42230
42232
42234
42236
42238
42239
42240
42242
42244
42246
42248
42250
42252
42254
42256
42258
42260
42262
42263
42264
42265
42266
42268
42270
42272
42274
42275
42276
42277
42278
42280
42282
42284
42286
42288
42290
42292
42294
42295
42296
42297
42298
42300
42302
42304
42306
42308
42310
42312
42314
42316
42318
42319
42320
42321
42322
42323
42324
42326
42328
42330
42332
42334
42336
42338
42340
42342
42344
42345
42346
42347
42348
42349
42350
42352
42354
42356
42358
42360
42362
42364
42366
42368
42370
42371
42372
42373
42374
42375
42376
42378
42380
42382
42384
42386
42388
42390
42392
42394
42396
42397
42398
42399
42400
42402
42404
42406
42408
42410
42412
42414
42416
42418
42420
42422
42423
42424
42425
42426
42428
42430
42432
42434
42436
42438
42440
42442
42444
42446
42447
42448
42449
42450
42451
42452
42454
42456
42458
42460
42462
42464
42466
42468
42470
42472
42473
42474
42475
42476
42477
42478
42480
42482
42484
42486
42488
42490
42492
42494
42496
42498
42499
42500
42501
42502
42503
42504
42506
42508
42510
42512
42514
42516
42518
42520
42522
42524
42525
42526
42527
42528
42530
42532
42534
42536
42538
42540
42542
42544
42546
42548
42550
42551
42552
42553
42554
42556
42558
42560
42562
42564
42566
42568
42570
42572
42574
42575
42576
42577
42578
42579
42580
42582
42584
42586
42588
42590
42592
42594
42596
42598
42600
42601
42602
42603
42604
42605
42606
42608
42610
42612
42614
42616
42618
42620
42622
42624
42626
42627
42628
42629
42630
42631
42632
42634
42636
42638
42640
42642
42644
42646
42648
42650
42652
42653
42654
42655
42656
42658
42660
42662
42664
42666
42668
42670
42672
42674
42676
42678
42679
42680
42681
42682
42684
42686
42688
42690
42692
42694
42696
42698
42700
42702
42703
42704
42705
42706
42707
42708
42710
42712
42714
42716
42718
42720
42722
42724
42726
42728
42729
42730
42731
42732
42733
42734
42736
42738
42740
42742
42744
42746
42748
42750
42752
42754
42755
42756
42757
42758
42759
42760
42762
42764
42766
42768
42770
42772
42774
42776
42778
42780
42781
42782
42783
42784
42786
42788
42790
42792
42794
42796
42798
42800
42802
42804
42806
42807
42808
42809
42810
42812
42814
42816
42818
42820
42822
42824
42826
42828
42830
42831
42832
42833
42834
42835
42836
42838
42840
42842
42844
42846
42848
42850
42852
42854
42856
42857
42858
42859
42860
42861
42862
42864
42866
42868
42870
42872
42874
42876
42878
42880
42882
42883
42884
42885
42886
42887
42888
42890
42892
42894
42896
42898
42900
42902
42904
42906
42908
42909
42910
42911
42912
42914
42916
42918
42920
42922
42924
42926
42928
42930
42932
42934
42935
42936
42937
42938
42940
42942
42944
42946
42948
42950
42952
42954
42956
42958
42959
42960
42961
42962
42963
42964
42966
42968
42970
42972
42974
42976
42978
42980
42982
42984
42985
42986
42987
42988
42989
42990
42992
42994
42996
42998
43000
43002
43004
43006
43008
43010
43011
43012
43013
43014
43015
43016
43018
43020
43022
43024
43026
43028
43030
43032
43034
43036
43037
43038
43039
43040
43042
43044
43046
43048
43050
43052
43054
43056
43058
43060
43062
43063
43064
43065
43066
43068
43070
43072
43074
43076
43078
43080
43082
43084
43086
43087
43088
43089
43090
43091
43092
43094
43096
43098
43099
43100
43101
43102
43103
43104
43105
43106
43107
43108
43109
43110
43111
43112
43113
43114
43115
43116
43117
43118
43119
43120
43121
43122
43123
43124
43125
43126
43127
57382
57588
57589
57590
